10,125
8,15
10,229
10,203
10,233
10,195
10,137
10,249
10,313
10,17
10,2
10,3
11,11
11,5
9,5
9,7
9,2
9,3
8,4
8,6
8,17
8,8
8,16
8,2
51,3
51,1
50,64
50,35
50,34
50,33
50,32
50,31
50,30
50,29
50,28
50,27
50,26
50,25
50,24
50,23
50,22
50,21
50,20
50,19
50,18
50,17
50,16
50,15
50,14
50,13
50,12
50,11
50,10
50,9
50,8
50,7
50,6
50,5
50,4
50,3
50,2
50,1
50,0
49,3
49,1
48,3
48,2
48,1
47,3
47,1
46,3
46,1
44,3
44,1
41,4
41,3
41,1
39,3
39,1
37,3
37,1
35,3
35,1
30,3
30,1
27,3
27,1
20,3
20,2
20,1
19,3
19,2
19,1
12,3
12,2
12,1
11,29
11,28
11,27
11,26
11,25
11,24
11,23
11,22
11,21
11,20
11,19
11,18
11,17
11,15
11,14
11,13
11,12
11,8
11,6
11,3
11,2
11,1
10,296
